1	1
3	3
5	1
6	1
7	2
8	1
9	2
11	1
12	1
14	3
15	3
16	1
17	1
18	1
19	1
23	2
25	1
29	2
30	2
32	1
36	1
37	2
38	1
39	1
40	1
41	1
42	1
43	1
45	1
46	1
48	8
49	1
50	2
54	3
56	2
58	1
60	3
62	1
67	1
69	2
70	2
71	2
72	1
73	2
76	3
77	1
79	1
80	1
81	2
83	2
86	2
87	1
88	2
90	1
91	1
92	1
93	1
94	1
96	2
98	3
100	1
101	2
103	1
105	1
106	2
109	1
110	1
112	2
113	3
117	1
118	1
119	1
122	1
123	1
126	1
129	1
130	1
132	1
133	2
135	1
136	1
137	1
138	2
139	1
141	2
142	2
144	1
146	1
148	1
150	1
151	1
152	4
154	2
157	1
158	5
159	1
160	4
162	1
163	1
165	1
166	1
168	3
169	1
170	1
171	1
173	2
174	2
175	1
177	1
181	2
183	1
184	1
186	1
187	1
188	2
190	2
191	1
192	1
193	3
195	1
196	1
197	1
199	1
200	1
202	1
203	1
206	1
207	1
211	5
212	4
213	5
216	1
217	1
219	1
220	2
223	2
225	3
227	1
228	2
229	3
230	1
231	1
233	3
234	2
238	2
242	1
245	1
246	1
248	1
257	1
258	2
259	3
261	1
263	2
264	2
267	3
268	2
270	1
271	2
272	1
276	2
278	1
280	1
281	2
282	1
283	1
285	1
287	1
289	1
291	2
292	1
295	1
296	1
299	1
300	1
301	1
302	1
303	1
304	1
307	1
308	1
309	1
310	1
311	1
313	1
314	3
315	2
318	2
319	2
321	3
323	5
325	1
326	1
327	1
329	1
332	1
335	1
336	1
337	3
338	1
340	3
344	2
345	1
347	1
348	1
353	4
355	1
356	2
357	3
360	3
362	1
363	2
364	1
366	2
367	2
368	2
369	1
370	1
372	12
373	1
374	3
375	2
376	2
380	1
382	1
384	1
385	1
386	1
387	1
389	1
391	2
393	1
394	3
395	1
397	1
400	2
401	1
403	1
404	3
410	1
411	3
415	1
417	2
419	1
421	1
425	20
426	2
429	1
433	1
434	1
437	1
438	1
439	1
440	2
442	1
447	3
448	1
454	1
455	1
458	1
460	1
462	2
464	2
465	2
466	1
468	2
469	1
472	1
475	1
476	1
478	1
479	1
480	1
481	1
484	1
485	2
486	4
487	1
494	1
495	1
497	2
500	3
502	1
505	1
508	1
510	1
511	2
513	1
514	2
516	2
519	3
520	1
524	3
527	2
528	1
529	1
530	2
531	2
532	2
534	1
535	23
538	1
539	2
543	2
545	1
547	1
548	1
549	2
550	1
558	1
561	1
562	1
565	1
567	1
569	1
573	1
578	1
579	2
580	1
583	1
584	1
585	1
586	2
588	4
589	1
593	1
594	1
596	4
602	3
603	1
604	1
605	1
607	1
608	1
613	2
614	2
615	1
616	1
620	1
621	2
623	1
626	2
628	2
629	1
630	1
631	1
642	1
643	1
645	1
647	1
649	1
650	1
651	1
653	1
655	2
656	2
657	2
658	2
663	1
664	1
665	3
668	2
669	1
670	1
672	3
674	1
676	2
677	2
679	2
682	1
684	2
686	2
688	1
691	1
693	1
694	3
696	1
697	1
698	2
699	1
700	3
701	1
706	1
710	1
711	2
713	1
716	1
717	3
718	2
719	1
720	2
721	1
722	1
723	1
724	1
725	1
726	3
727	1
728	1
729	1
730	3
731	1
732	1
733	1
734	2
738	2
739	1
740	2
742	1
743	1
744	1
746	1
749	11
751	2
752	1
753	1
754	1
755	2
756	1
757	1
758	2
759	2
762	1
764	1
768	2
769	1
770	1
771	1
772	1
773	1
774	1
775	1
776	1
777	1
778	1
779	1
780	1
782	2
784	1
785	1
787	2
789	1
790	1
794	2
796	1
797	1
799	1
801	3
802	6
803	2
804	2
805	1
810	3
811	2
819	1
822	1
823	1
827	1
832	2
833	1
838	4
840	1
842	2
843	2
844	1
845	2
846	1
847	1
850	2
851	1
852	1
853	1
855	3
856	3
858	1
860	2
861	2
862	2
864	1
865	1
869	2
873	2
874	1
876	2
877	1
878	1
883	1
884	2
885	1
888	1
890	1
891	1
892	1
893	1
894	1
895	1
896	2
898	1
899	1
900	1
901	1
904	2
906	1
907	1
908	1
910	1
913	1
914	1
915	1
919	1
920	1
923	3
924	1
925	1
926	2
927	1
929	2
934	1
935	2
936	3
937	2
938	2
939	1
943	1
945	1
946	1
948	1
950	1
952	1
953	1
958	1
960	1
961	1
963	11
964	2
965	4
967	1
968	1
969	2
970	3
971	1
972	3
976	1
977	1
980	1
982	1
983	1
984	1
985	4
987	1
990	1
991	1
993	1
995	1
1000	3
1002	2
1003	2
1004	2
1006	1
1007	1
1009	2
1010	1
1011	2
1012	2
1013	1
1015	1
1016	26
1017	1
1018	1
1019	1
1022	1
1023	2
1024	2
1025	2
1028	2
1030	1
1031	1
1032	1
1036	2
1037	1
1039	2
1040	1
1042	1
1043	1
1044	1
1046	1
1051	2
1052	1
1053	2
1054	1
1060	1
1063	1
1064	3
1065	2
1066	1
1068	1
1069	2
1070	2
1071	3
1072	2
1073	1
1076	1
1077	2
1079	3
1080	1
1082	1
1083	1
1084	2
1086	1
1087	2
1090	1
1092	1
1096	1
1098	1
1101	1
1102	1
1105	1
1107	1
1108	1
1109	1
1110	1
1112	1
1113	1
1114	2
1116	1
1117	1
1119	1
1120	1
1121	2
1122	5
1123	1
1126	22
1128	3
1131	1
1132	1
1134	1
1136	1
1139	2
1140	1
1142	1
1147	1
1149	2
1157	1
1158	1
1163	1
1165	1
1169	1
1175	1
1176	1
1177	1
1178	3
1179	2
1180	2
1183	1
1184	1
1185	2
1189	2
1192	1
1193	2
1194	1
1196	1
1200	1
1202	1
1205	1
1206	1
1208	2
1209	2
1210	1
1212	1
1214	1
1215	1
1216	1
1217	1
1218	3
1220	1
1221	1
1222	1
1223	1
1232	1
1233	2
1235	2
1239	1
1241	1
1242	1
1243	2
1246	2
1248	1
1249	1
1250	2
1252	1
1255	1
1258	5
1259	2
1262	1
1264	1
1265	2
1266	2
1268	4
1270	2
1272	1
1273	1
1274	1
1275	1
1276	1
1277	1
1278	1
1282	1
1283	1
1284	1
1288	2
1289	7
1290	1
1291	3
1295	1
1296	2
1298	1
1299	1
1304	2
1305	2
1307	1
1308	2
1311	1
1312	1
1313	2
1315	1
1316	1
1319	1
1320	1
1321	2
1322	2
1328	1
1329	1
1331	1
1334	1
1335	1
1336	2
1340	10
1341	1
1342	2
1344	2
1346	2
1348	1
1349	1
1350	1
1351	2
1352	1
1353	4
1354	2
1358	1
1361	1
1362	3
1363	1
1366	1
1367	1
1371	1
1372	1
1377	1
1379	2
1384	1
1385	1
1387	1
1388	1
1389	1
1391	1
1393	5
1394	1
1395	1
1396	1
1397	2
1399	1
1400	2
1401	2
1403	2
1404	2
1405	1
1408	3
1413	2
1414	1
1415	1
1420	1
1421	1
1426	1
1429	1
1431	1
1432	1
1433	2
1436	2
1437	1
1439	1
1440	1
1442	1
1446	2
1447	2
1448	1
1451	1
1452	2
1457	2
1460	2
1461	2
1465	1
1466	1
1467	1
1472	1
1473	1
1474	1
1477	1
1478	1
1481	2
1482	1
1483	1
1484	2
1485	1
1486	1
1488	1
1490	1
1491	3
1492	1
1497	1
1499	1
1501	2
1503	5
1504	1
1505	1
1508	1
1509	2
1511	4
1512	1
1515	1
1517	1
1518	3
1519	1
1521	2
1522	1
1524	2
1525	2
1526	1
1529	1
1530	1
1532	1
1534	1
1536	2
1537	1
1538	1
1540	1
1541	2
1543	1
1545	3
1547	1
1548	2
1549	2
1550	1
1551	1
1552	1
1553	1
1554	10
1555	1
1556	4
1557	1
1558	5
1563	3
1568	1
1570	2
1571	1
1572	1
1573	1
1574	1
1575	1
1579	2
1581	4
1582	2
1583	1
1585	1
1586	1
1587	1
1588	1
1590	2
1594	2
1595	6
1596	1
1598	1
1600	1
1602	1
1603	2
1606	2
1609	1
1613	1
1616	1
1619	1
1621	1
1622	3
1623	2
1625	4
1631	1
1632	1
1633	1
1635	1
1636	1
1637	1
1638	1
1639	1
1640	2
1642	1
1646	1
1648	2
1649	1
1657	1
1658	1
1660	1
1661	1
1662	1
1663	1
1664	1
1666	3
1668	2
1669	1
1670	1
1671	1
1673	1
1675	2
1677	1
1678	1
1679	1
1681	2
1683	1
1684	1
1693	1
1694	1
1696	2
1698	3
1700	2
1701	1
1702	1
1704	2
1705	1
1706	1
1707	1
1708	2
1709	1
1710	2
1711	3
1713	1
1714	2
1717	34
1718	2
1719	6
1721	1
1722	1
1724	1
1725	2
1732	2
1736	1
1739	1
1740	1
1741	1
1742	1
1743	3
1744	1
1749	1
1750	1
1755	1
1756	1
1758	1
1760	1
1761	1
1762	1
1764	1
1765	3
1766	1
1767	1
1768	2
1769	1
1770	6
1772	1
1776	1
1777	2
1778	1
1781	1
1782	1
1786	3
1788	3
1790	1
1793	3
1795	1
1796	2
1804	1
1805	1
1806	1
1807	2
1808	3
1809	1
1810	2
1811	1
1812	2
1815	2
1819	2
1820	1
1821	1
1823	1
1824	3
1825	3
1826	1
1827	1
1830	2
1831	1
1835	1
1838	1
1839	1
1840	1
1841	1
1844	1
1845	1
1846	1
1847	1
1848	1
1849	1
1852	1
1853	2
1859	1
1860	1
1861	1
1866	1
1868	1
1872	2
1873	2
1874	1
1876	1
1877	2
1879	1
1880	6
1881	1
1882	3
1885	1
1886	1
1887	1
1888	3
1891	1
1893	1
1894	1
1895	1
1896	1
1897	1
1898	1
1899	1
1901	1
1902	1
1903	1
1904	2
1909	2
1911	2
1912	1
1913	2
1917	1
1918	1
1919	2
1920	1
1923	1
1924	1
1925	1
1926	2
1927	1
1928	1
1931	5
1932	1
1934	1
1935	2
1936	1
1937	2
1941	3
1947	1
1948	1
1950	1
1953	2
1955	2
1956	1
1957	2
1958	3
1959	1
1961	1
1962	1
1963	1
1964	1
1966	1
1970	1
1971	2
1972	4
1973	2
1974	1
1975	1
1976	1
1977	1
1978	1
1979	1
1982	1
1983	1
1988	1
1989	1
1993	1
1994	3
1996	2
1998	1
2001	1
2003	1
2004	1
2005	1
2011	2
2013	1
2014	2
2015	1
2017	1
2019	1
2020	3
2021	1
2022	2
2023	1
2024	2
2025	2
2028	1
2030	1
2034	1
2035	1
2038	2
2041	1
2044	2
2046	2
2052	2
2053	1
2054	3
2056	1
2057	1
2059	1
2060	1
2061	1
2063	2
2066	1
2067	1
2068	1
2069	2
2070	2
2072	1
2074	1
2076	1
2078	1
2080	1
2082	1
2083	1
2084	2
2086	1
2087	2
2088	3
2089	2
2090	3
2091	1
2092	1
2094	5
2095	1
2096	3
2097	1
2098	1
2099	1
2100	1
2102	1
2104	2
2105	2
2108	1
2115	3
2116	1
2118	2
2119	1
2121	1
2123	1
2129	1
2131	1
2135	1
2138	2
2140	1
2142	1
2143	1
2145	15
2146	2
2147	10
2150	1
2152	2
2153	3
2154	3
2155	3
2159	1
2160	2
2161	2
2162	2
2164	1
2165	1
2166	1
2167	2
2170	1
2171	2
2173	2
2178	1
2182	1
2183	2
2185	1
2187	1
2189	1
2190	1
2191	1
2192	2
2195	3
2197	1
2198	1
2202	2
2203	1
2209	2
2210	3
2211	1
2212	2
2217	1
2218	2
2219	1
2220	1
2227	1
2230	1
2233	2
2234	2
2237	1
2238	1
2239	1
2240	1
2243	1
2249	1
2250	2
2251	1
2252	1
2255	15
2257	6
2259	1
2261	1
2262	2
2263	1
2266	1
2267	2
2271	1
2274	1
2275	1
2277	2
2279	1
2281	2
2282	1
2288	2
2290	1
2292	1
2293	1
2296	1
2297	1
2298	1
2302	1
2304	2
2307	2
2308	18
2309	1
2310	4
2314	2
2318	1
2319	2
2320	1
2321	2
2323	1
2325	1
2326	1
2328	1
2331	2
2333	1
2335	1
2338	3
2341	1
2342	3
2343	1
2344	1
2345	3
2351	2
2353	2
2354	1
2357	1
2358	1
2359	1
2361	1
2362	1
2363	2
2365	1
2367	2
2368	1
2370	1
2372	1
2373	1
2377	1
2378	1
2381	3
2382	1
2383	1
2385	3
2386	1
2387	3
2388	1
2389	2
2390	2
2391	1
2394	1
2395	3
2396	1
2397	2
2399	2
2403	1
2405	1
2407	1
2408	2
2409	1
2410	3
2412	2
2414	4
2415	1
2418	1
2420	6
2422	1
2426	1
2427	1
2428	1
2429	1
2430	2
2432	1
2433	1
2435	1
2437	1
2439	1
2440	2
2441	1
2443	1
2445	1
2446	2
2447	1
2449	1
2450	2
2451	1
2452	3
2455	2
2456	1
2457	1
2458	2
2459	2
2460	1
2461	2
2464	1
2465	4
2466	1
2467	2
2469	1
2470	1
2471	7
2472	1
2473	3
2475	2
2477	3
2479	2
2480	2
2483	2
2486	1
2488	2
2490	2
2491	1
2493	2
2494	1
2495	3
2496	1
2498	1
2502	1
2503	1
2505	1
2509	1
2511	1
2513	1
2514	1
2515	1
2516	1
2517	1
2518	1
2522	6
2524	3
2527	1
2530	1
2532	1
2533	1
2534	2
2535	1
2536	1
2537	2
2538	1
2540	4
2541	1
2543	1
2546	2
2547	1
2548	1
2552	1
2558	2
2559	2
2562	2
2563	1
2564	1
2565	2
2566	2
2570	1
2571	1
2573	4
2575	1
2577	2
2578	1
2580	2
2583	1
2585	1
2586	3
2589	1
2590	1
2591	1
2592	2
2593	1
2595	2
2599	2
2600	1
2601	2
2603	2
2604	1
2605	2
2607	2
2608	1
2609	2
2610	1
2612	1
2613	2
2617	3
2619	1
2622	1
2624	1
2626	3
2628	1
2629	1
2631	1
2632	1
2633	1
2635	1
2637	2
2638	1
2639	1
2640	1
2641	1
2643	2
2645	2
2647	1
2649	1
2652	1
2653	2
2654	2
2655	1
2656	1
2657	2
2658	2
2660	1
2664	3
2666	1
2668	2
2670	1
2673	1
2674	1
2677	1
2680	1
2681	1
2682	1
2684	1
2685	4
2687	5
2688	2
2690	2
2694	1
2695	1
2696	1
2697	1
2698	1
2700	1
2701	1
2703	1
2705	1
2706	1
2709	1
2711	1
2712	1
2714	1
2715	2
2716	1
2717	1
2718	1
2719	1
2720	1
2721	1
2722	1
2727	1
2729	1
2730	3
2732	1
2733	3
2736	4
2737	2
2743	1
2745	1
2747	1
2748	1
2749	1
2750	1
2751	1
2753	1
2755	1
2757	1
2759	1
2761	3
2762	1
2763	3
2764	4
2765	1
2766	2
2768	1
2770	3
2771	3
2774	1
2775	3
2777	1
2779	1
2780	2
2782	3
2783	5
2784	1
2785	2
2787	2
2789	1
2790	2
2792	1
2794	1
2797	2
2799	1
2804	1
2806	1
2808	1
2809	1
2811	1
2818	2
2820	2
2821	1
2825	1
2826	1
2829	1
2832	1
2835	1
2836	1
2837	2
2838	1
2839	1
2840	2
2841	1
2842	2
2843	1
2844	2
2845	2
2846	8
2848	1
2849	1
2850	4
2854	1
2855	2
2857	1
2858	2
2860	1
2862	1
2864	1
2867	2
2868	1
2869	1
2870	2
2875	1
2876	1
2877	2
2878	1
2882	1
2885	1
2886	2
2887	1
2888	1
2889	2
2894	1
2895	1
2897	2
2899	19
2900	3
2901	5
2903	1
2904	2
2905	1
2907	2
2909	1
2911	1
2917	1
2918	2
2919	1
2920	1
2924	2
2925	2
2927	1
2928	2
2930	3
2932	1
2934	3
2940	2
2941	2
2949	1
2951	1
2956	1
2957	1
2960	1
2962	1
2964	1
2967	2
2968	1
2970	1
2971	1
2972	1
2973	1
2976	1
2977	1
2978	2
2979	1
2980	2
2984	3
2987	2
2990	2
2991	1
2996	1
2998	1
2999	1
3000	1
3003	2
3005	1
3008	3
3010	2
3011	4
3012	1
3013	1
3014	2
3017	1
3020	1
3021	1
3025	1
3026	1
3027	1
3029	1
3030	1
3031	1
3032	2
3033	2
3034	2
3035	1
3036	2
3037	1
3038	1
3039	1
3042	1
3043	1
3044	1
3045	1
3046	1
3047	1
3049	1
3051	2
3052	1
3056	1
3057	1
3059	1
3061	2
3062	11
3064	1
3067	1
3069	1
3070	1
3071	1
3073	1
3074	1
3075	1
3076	1
3078	2
3081	1
3082	1
3083	1
3085	1
3087	1
3088	2
3090	1
3091	1
3092	1
3094	1
3096	1
3097	1
3101	1
3102	2
3103	2
3105	1
3107	1
3109	1
3111	1
3113	6
3115	2
3116	2
3117	1
3119	2
3123	2
3126	1
3127	2
3129	2
3131	2
3132	2
3135	1
3136	1
3138	1
3141	1
3144	1
3145	1
3146	1
3150	1
3151	2
3152	1
3154	1
3155	1
3156	2
3158	1
3160	1
3162	1
3164	2
3167	1
3168	2
3169	2
3171	1
3172	1
3174	1
3176	1
3177	2
3178	2
3179	1
3182	2
3183	3
3184	1
3185	1
3186	1
3187	1
3188	2
3189	2
3191	1
3192	3
3193	1
3194	1
3195	1
3198	2
3199	1
3202	1
3204	1
3205	1
3207	1
3208	1
3210	1
3213	1
3222	1
3223	164
3224	2
3225	4
3226	2
3230	2
3231	1
3232	1
3233	1
3237	1
3238	1
3239	1
3240	1
3246	2
3247	1
3248	1
3252	1
3254	2
3255	2
3256	1
3259	1
3262	1
3263	1
3264	1
3265	1
3266	1
3270	2
3271	1
3273	2
3274	1
3276	4
3278	4
3281	1
3282	3
3284	1
3285	2
3286	2
3288	1
3293	1
3297	1
3298	1
3299	1
3300	1
3301	1
3302	1
3303	1
3304	3
3306	1
3308	1
3309	1
3310	2
3312	3
3313	1
3314	1
3315	1
3316	1
3317	1
3318	2
3321	1
3323	1
3324	1
3329	1
3331	1
3334	1
3335	1
3338	2
3341	2
3345	2
3347	1
3348	2
3349	3
3350	1
3353	1
3355	1
3356	1
3358	2
3359	2
3362	1
3364	1
3366	3
3367	1
3368	1
3369	1
3370	2
3371	1
3372	1
3377	1
3378	1
3380	2
3381	1
3382	1
3385	2
3386	1
3390	1
3395	3
3397	1
3399	1
3403	1
3405	1
3406	3
3414	1
3415	1
3421	1
3422	2
3424	3
3426	2
3429	1
3431	2
3432	1
3433	1
3434	1
3436	1
3437	15
3438	1
3439	2
3440	2
3441	1
3443	3
3445	1
3447	1
3448	1
3449	1
3452	3
3454	2
3456	4
3458	2
3460	1
3461	2
3463	1
3464	1
3466	2
3467	1
3471	1
3475	2
3477	1
3478	1
3480	1
3482	1
3485	1
3488	2
3490	19
3492	2
3494	1
3497	1
3498	1
3499	2
3502	2
3503	1
3505	2
3509	1
3513	2
3517	1
3518	1
3520	4
3521	2
3522	2
3523	2
3527	1
3529	3
3530	5
3531	2
3532	1
3534	2
3536	1
3538	3
3539	1
3540	2
3542	1
3547	1
3548	1
3553	2
3554	1
3557	1
3558	1
3561	2
3567	1
3568	1
3570	1
3571	1
3575	1
3576	1
3577	1
3579	1
3580	1
3583	2
3584	1
3586	2
3587	2
3590	1
3592	1
3593	1
3594	1
3595	2
3596	1
3597	2
3598	1
3599	3
3600	3
3601	2
3602	4
3606	3
3608	2
3610	1
3611	1
3614	1
3618	1
3621	1
3623	3
3624	1
3626	2
3627	2
3630	4
3631	4
3633	1
3635	1
3637	1
3638	1
3639	2
3640	1
3641	1
3642	2
3645	1
3646	1
3647	2
3649	1
3652	2
3653	7
3655	1
3656	1
3657	1
3659	1
3660	1
3661	2
3663	1
3664	2
3665	1
3666	1
3669	1
3670	1
3671	3
3672	1
3673	3
3674	1
3675	1
3677	1
3680	1
3682	1
3683	1
3684	1
3685	4
3686	1
3688	4
3689	1
3692	1
3694	2
3696	1
3702	2
3703	1
3704	12
3705	1
3706	4
3707	1
3708	1
3709	1
3714	1
3716	2
3717	1
3719	1
3720	1
3721	1
3722	1
3723	1
3727	1
3729	1
3730	3
3732	1
3733	3
3734	2
3735	1
3737	1
3739	2
3740	1
3742	1
3743	1
3744	1
3745	3
3749	1
3750	2
3752	1
3757	1
3758	2
3759	2
3760	1
3762	1
3763	2
3764	1
3765	1
3766	1
3767	1
3776	1
3777	1
3779	1
3780	1
3781	1
3782	1
3783	1
3784	2
3790	3
3793	1
3794	1
3798	1
3799	1
3801	1
3803	1
3804	1
3806	1
3808	3
3809	1
3810	2
3811	3
3813	1
3814	106
3815	1
3819	2
3820	2
3822	1
3823	1
3824	1
3825	2
3828	2
3829	1
3833	1
3835	1
3836	2
3837	1
3838	1
3840	1
3841	2
3844	1
3845	2
3848	2
3849	1
3850	1
3851	1
3853	1
3854	1
3855	1
3858	1
3859	1
3861	1
3862	2
3866	3
3867	4
3869	3
3872	2
3873	3
3876	1
3878	1
3880	1
3881	2
3882	2
3884	1
3885	3
3886	1
3887	1
3888	1
3889	1
3890	1
3891	2
3893	1
3894	2
3898	1
3899	1
3900	1
3903	1
3904	1
3906	2
3907	1
3908	1
3910	1
3911	2
3912	1
3913	1
3915	1
3916	1
3917	2
3918	1
3921	1
3923	1
3924	1
3925	1
3927	2
3928	1
3929	1
3932	1
3936	1
3937	2
3938	2
3939	2
3940	1
3944	1
3947	1
3952	1
3953	2
3954	1
3955	3
3956	1
3960	1
3961	1
3963	1
3964	1
3965	1
3966	2
3967	3
3968	1
3970	2
3971	2
3972	1
3973	2
3974	1
3976	2
3977	3
3978	1
3979	1
3982	2
3984	1
3985	1
3986	1
3987	2
3988	1
3990	1
3991	1
3994	4
3996	1
3998	1
4000	1
4002	1
4003	1
4006	1
4007	1
4008	1
4009	2
4012	1
4014	2
4015	2
4016	1
4023	1
4024	3
4026	1
4028	14
4029	1
4030	7
4031	3
4032	3
4034	1
4035	1
4036	1
4039	1
4040	1
4042	1
4043	3
4045	1
4047	1
4048	2
4049	1
4050	2
4051	1
4053	1
4054	1
4057	1
4060	1
4062	1
4064	1
4065	2
4066	2
4072	3
4074	1
4076	2
4077	2
4078	1
4079	1
4080	1
4081	15
4082	1
4083	1
4084	1
4085	1
4087	6
4089	3
4090	1
4095	3
4096	1
4097	1
4098	2
4099	1
4101	2
4104	1
4105	1
4107	3
4110	1
4112	2
4113	1
4116	2
4118	1
4119	2
4123	1
4124	3
4127	1
4129	1
4131	1
4139	3
4142	1
4147	1
4148	1
4150	2
4152	1
4159	1
4160	1
4162	1
4165	1
4166	1
4167	2
4169	1
4174	2
4177	1
4180	1
4182	1
4183	2
4185	2
4187	1
4189	1
4191	11
4192	1
4193	7
4194	1
4197	3
4199	2
4202	2
4203	1
4211	2
4215	1
4218	1
4219	1
4221	1
4222	1
4224	1
4225	2
4226	1
4227	1
4230	2
4231	1
4232	1
4233	1
4234	1
4237	1
4238	2
4239	1
4241	2
4242	1
4244	5
4245	1
4246	3
4247	1
4248	1
4249	2
4252	2
4253	3
4254	1
4256	1
4260	1
4262	1
4264	2
4266	1
4268	2
4269	1
4270	2
4271	4
4274	1
4279	1
4280	1
4282	1
4283	2
4287	1
4291	4
4292	2
4293	1
4294	1
4296	2
4298	1
4300	2
4301	2
4302	1
4303	1
4305	1
4307	1
4309	1
4310	3
4311	2
4314	1
4315	1
4316	1
4317	1
4319	3
4321	1
4323	1
4324	3
4326	1
4329	1
4335	1
4336	1
4337	1
4340	1
4341	3
4344	3
4346	3
4347	1
4348	1
4349	1
4350	1
4352	1
4353	1
4354	2
4355	1
4356	4
4358	2
4360	1
4361	1
4362	2
4366	2
4368	1
4369	1
4371	2
4372	1
4373	1
4374	1
4375	2
4378	1
4380	1
4384	1
4386	2
4392	1
4393	2
4394	1
4395	1
4396	2
4405	386
4407	3
4409	2
4411	1
4412	1
4414	1
4415	1
4416	2
4417	2
4418	3
4421	2
4422	2
4423	1
4425	1
4426	2
4427	1
4430	2
4431	1
4432	1
4433	1
4434	1
4437	1
4439	4
4441	1
4444	2
4445	1
4447	1
4449	1
4450	2
4453	2
4454	1
4456	2
4457	2
4458	6
4460	1
4461	2
4464	2
4465	1
4467	1
4468	1
4469	1
4470	2
4476	4
4479	1
4483	1
4485	2
4490	1
4491	1
4493	1
4495	1
4497	1
4499	2
4501	1
4503	1
4504	1
4505	1
4507	1
4511	2
4512	1
4513	1
4514	1
4515	2
4516	2
4521	1
4523	1
4525	1
4527	1
4529	2
4530	3
4532	2
4533	2
4535	1
4536	1
4537	2
4539	1
4541	1
4543	1
4544	3
4546	1
4547	1
4549	1
4550	2
4551	2
4553	1
4555	1
4556	1
4557	2
4558	1
4565	1
4568	5
4569	1
4570	3
4575	1
4576	1
4577	1
4579	2
4580	1
4581	1
4582	2
4583	1
4584	1
4586	1
4587	2
4588	1
4590	1
4591	1
4594	2
4596	1
4600	1
4601	1
4605	1
4606	1
4607	1
4609	1
4610	1
4612	1
4613	1
4616	1
4619	7
4621	8
4622	1
4623	5
4624	2
4625	2
4627	1
4628	1
4633	1
4635	1
4641	1
4642	1
4643	2
4645	1
4647	1
4649	1
4650	1
4653	1
4654	1
4656	1
4658	1
4667	1
4669	1
4671	1
4673	1
4674	1
4676	1
4677	1
4678	2
4679	1
4682	1
4684	2
4686	2
4687	1
4689	1
4690	1
4694	2
4695	1
4697	1
4699	2
4701	1
4703	1
4707	1
4710	2
4711	1
4713	1
4714	1
4716	2
4718	1
4719	1
4720	1
4723	1
4724	1
4726	2
4727	2
4728	1
4730	1
4732	1
4733	2
4734	1
4735	1
4736	1
4738	1
4740	2
4742	1
4745	1
4746	1
4749	1
4750	1
4751	1
4754	1
4756	2
4761	2
4762	1
4764	1
4765	1
4775	1
4778	3
4781	1
4782	16
4784	3
4787	1
4791	2
4793	1
4795	1
4796	2
4798	1
4800	2
4801	2
4802	2
4804	2
4807	1
4808	2
4810	1
4811	1
4820	2
4822	2
4826	1
4830	2
4831	3
4832	2
4833	2
4835	5
4840	2
4841	1
4842	1
4843	1
4844	2
4845	1
4846	1
4847	1
4849	1
4851	1
4852	1
4853	1
4854	1
4855	2
4860	1
4861	1
4862	2
4863	1
4866	1
4869	1
4873	2
4874	1
4875	1
4876	1
4878	2
4879	1
4880	2
4881	2
4882	1
4884	1
4885	2
4887	1
4889	3
4890	1
4893	2
4896	1
4897	1
4900	1
4903	1
4906	1
4909	1
4910	1
4912	1
4916	2
4917	1
4919	1
4921	2
4922	1
4924	1
4926	1
4927	2
4928	1
4930	1
4931	2
4932	1
4933	1
4934	2
4935	3
4937	4
4938	2
4939	1
4941	1
4942	1
4943	1
4944	2
4945	5
4947	5
4949	1
4952	2
4953	1
4954	1
4956	1
4958	1
4961	1
4962	3
4968	1
4969	1
4972	1
4973	1
4974	3
4976	1
4978	1
4981	1
4982	1
4983	1
4985	1
4989	1
4990	4
4992	1
4993	1
4995	2
4996	199
4998	4
5002	1
5005	3
5007	1
5008	1
5009	1
5012	2
5014	1
5015	1
5016	1
5017	1
5019	1
5021	1
5022	1
5025	1
5027	1
5028	1
5030	1
5032	1
5034	1
5037	1
5044	1
5047	1
5048	2
5049	4
5050	1
5054	4
5055	1
5056	1
5057	1
5058	1
5059	1
5063	2
5070	2
5072	2
5073	2
5077	1
5078	2
5079	1
5080	1
5081	1
5082	1
5083	1
5084	1
5085	1
5087	1
5089	2
5091	3
5093	1
5096	1
5102	2
5105	2
5108	2
5109	2
5110	1
5112	1
5113	1
5115	1
5116	2
5118	1
5121	1
5122	2
5123	1
5124	1
5129	2
5131	1
5132	1
5136	1
5138	2
5142	1
5147	1
5148	2
5150	4
5156	1
5157	1
5159	4
5160	1
5161	2
5166	1
5167	2
5168	1
5170	1
5172	1
5175	3
5178	2
5179	1
5181	1
5183	1
5185	1
5186	1
5187	1
5192	2
5193	2
5197	1
5199	1
5204	2
5206	2
5207	1
5208	3
5209	1
5210	10
5212	8
5213	2
5214	1
5215	1
5221	1
5222	4
5224	1
5228	3
5232	2
5234	1
5236	1
5237	1
5238	1
5239	2
5240	2
5241	2
5242	1
5243	1
5245	2
5246	1
5247	2
5248	1
5249	1
5250	3
5254	1
5255	2
5259	2
5261	1
5267	1
5268	1
5269	2
5271	1
5272	1
5275	3
5276	1
5277	1
5281	1
5282	1
5283	1
5284	1
5285	1
5287	1
5289	1
5291	1
5292	1
5293	1
5295	2
5296	2
5298	1
5299	1
5301	2
5302	3
5303	1
5304	4
5307	1
5308	1
5309	2
5310	1
5312	1
5313	1
5314	2
5316	1
5320	2
5322	1
5324	1
5326	1
5327	1
5328	1
5330	2
5331	1
5335	1
5337	1
5338	2
5342	1
5343	1
5345	1
5347	1
5349	1
5352	1
5353	1
5354	1
5356	3
5360	1
5361	2
5362	2
5363	2
5364	1
5365	1
5366	1
5367	1
5369	2
5371	1
5373	17
5375	6
5378	1
5379	2
5384	2
5385	1
5386	2
5387	2
5389	2
5390	1
5392	1
5393	1
5395	1
5396	1
5398	1
5400	1
5401	1
5403	1
5405	1
5406	1
5409	1
5410	1
5411	1
5412	2
5416	1
5422	1
5424	1
5425	1
5426	3
5427	4
5430	1
5434	1
5435	1
5436	1
5437	2
5438	1
5439	1
5442	1
5443	2
5445	1
5448	1
5451	1
5454	1
5455	1
5456	1
5457	1
5458	1
5459	1
5460	2
5462	1
5464	1
5466	1
5470	1
5471	2
5472	2
5475	1
5476	1
5477	1
5480	1
5481	1
5484	1
5485	1
5488	1
5489	1
5492	1
5494	1
5495	1
5496	1
5497	2
5498	1
5499	1
5501	1
5502	2
5503	1
5504	1
5507	2
5508	1
5510	1
5511	1
5512	2
5513	1
5518	1
5520	1
5521	1
5522	2
5525	1
5527	3
5528	3
5529	1
5530	2
5532	1
5533	1
5535	1
5536	2
5538	2
5539	1
5542	1
5543	1
5544	2
5546	1
5548	2
5549	2
5551	2
5552	1
5553	1
5554	1
5555	1
5558	1
5562	2
5565	1
5566	2
5567	1
5568	1
5570	1
5571	2
5573	1
5574	2
5577	1
5578	1
5581	2
5582	2
5583	2
5587	57
5588	2
5589	1
5590	1
5591	2
5593	5
5594	3
5595	1
5596	2
5597	1
5598	1
5600	1
5601	2
5604	1
5605	1
5609	3
5611	1
5613	1
5616	1
5621	1
5622	2
5625	2
5627	1
5628	3
5630	2
5634	1
5636	1
5637	1
5638	1
5639	2
5642	1
5643	3
5644	1
5646	2
5647	1
5650	1
5652	1
5653	2
5654	1
5656	1
5657	1
5659	1
5662	1
5665	1
5666	1
5667	2
5668	1
5669	1
5671	1
5676	2
5679	1
5683	1
5686	2
5688	2
5690	1
5691	4
5692	1
5694	1
5698	3
5699	4
5702	1
5703	1
5708	1
5709	2
5710	1
5711	2
5714	3
5715	1
5719	1
5722	2
5723	1
5725	1
5727	1
5729	1
5731	3
5732	1
5735	1
5736	2
5739	2
5740	1
5742	2
5744	1
5746	3
5747	1
5748	1
5750	3
5752	2
5754	1
5758	1
5762	1
5763	2
5770	1
5771	1
5773	2
5774	2
5777	1
5778	1
5780	1
5781	1
5783	1
5784	1
5791	3
5792	1
5794	1
5795	1
5796	2
5797	1
5801	15
5803	4
5805	1
5807	1
5810	1
5811	2
5822	1
5824	1
5825	4
5826	1
5832	2
5833	2
5834	1
5835	3
5836	1
5837	2
5838	1
5840	1
5844	1
5846	1
5848	2
5849	1
5851	1
5855	1
5858	1
5859	1
5863	1
5866	3
5867	2
5870	1
5871	2
5875	1
5876	1
5878	2
5879	1
5881	1
5883	1
5887	1
5889	2
5892	1
5894	1
5896	2
5897	1
5898	1
5899	1
5901	1
5903	1
5905	5
5906	1
5909	2
5911	10
5913	3
5914	1
5915	1
5918	1
5919	2
5920	3
5921	4
5924	1
5926	1
5927	1
5929	2
5933	1
5935	1
5938	2
5939	1
5945	2
5946	1
5951	1
5952	1
5955	2
5956	2
5957	1
5958	2
5960	3
5961	2
5963	1
5964	18
5966	3
5968	2
5969	1
5970	1
5974	1
5975	1
5978	1
5981	1
5983	1
5984	2
5986	1
5990	1
5991	3
5993	1
5994	2
5995	1
5999	1
6001	1
6005	2
6007	2
6008	1
6010	1
6014	1
6018	1
6019	2
6022	1
6023	1
6025	1
6026	1
6027	1
6028	1
6029	3
6031	3
6032	1
6036	1
6037	2
6038	1
6041	1
6042	1
6048	1
6049	1
6050	3
6053	1
6058	1
6059	2
6061	1
6063	2
6064	1
6067	1
6068	1
6069	1
6070	1
6075	1
6076	1
6077	1
6080	1
6081	1
6082	2
6084	1
6086	2
6089	1
6090	1
6093	2
6094	1
6095	1
6097	2
6103	3
6104	3
6107	1
6108	2
6109	1
6111	1
6115	2
6117	2
6118	1
6119	3
6120	3
6123	1
6124	2
6127	2
6128	1
6129	2
6132	1
6133	3
6134	2
6135	1
6138	1
6139	2
6140	2
6141	1
6142	2
6148	1
6151	1
6155	3
6156	1
6157	2
6158	1
6159	2
6160	2
6162	1
6163	2
6165	1
6168	2
6169	1
6170	2
6172	2
6173	1
6177	1
6178	56
6179	1
6180	2
6181	1
6182	2
6185	2
6186	1
6188	1
6189	1
6190	3
6193	1
6194	3
6195	1
6196	2
6197	3
6198	3
6199	4
6200	1
6206	2
6207	1
6208	2
6210	1
6211	2
6212	1
6213	1
6214	1
6216	1
6217	1
6218	2
6219	2
6223	1
6225	1
6228	2
6230	1
6231	2
6233	1
6234	1
6235	1
6244	2
6246	1
6249	1
6250	2
6254	2
6255	2
6257	2
6258	1
6259	1
6263	2
6264	1
6265	1
6267	1
6268	1
6273	2
6274	2
6278	1
6281	1
6282	2
6284	2
6285	1
6287	1
6288	15
6290	5
6292	1
6296	4
6297	1
6299	2
6300	1
6301	1
6306	3
6308	1
6309	2
6310	2
6311	2
6312	1
6313	2
6317	2
6318	1
6320	1
6321	1
6322	1
6326	1
6329	2
6330	1
6333	3
6334	2
6335	1
6337	1
6338	1
6340	2
6341	5
6342	1
6343	1
6344	1
6345	2
6346	1
6347	2
6349	2
6350	1
6352	2
6353	3
6357	1
6358	1
6361	4
6362	1
6363	1
6365	1
6367	2
6369	2
6370	1
6376	1
6377	1
6378	1
6380	1
6386	2
6391	1
6392	9
6393	1
6394	1
6396	4
6399	1
6404	1
6406	2
6408	2
6410	1
6411	1
6412	1
6413	2
6414	1
6415	1
6416	1
6419	4
6420	3
6422	1
6424	1
6425	1
6426	2
6435	3
6439	1
6441	1
6445	1
6448	1
6449	1
6451	1
6452	1
6453	4
6454	1
6457	2
6458	2
6459	1
6461	1
6463	1
6466	1
6469	1
6470	3
6471	1
6472	1
6473	2
6475	1
6479	1
6480	2
6482	2
6483	2
6484	1
6486	1
6487	1
6488	1
6489	1
6491	3
6493	2
6495	1
6497	1
6498	1
6500	2
6502	10
6503	1
6504	1
6505	1
6506	3
6508	1
6509	1
6510	1
6511	1
6512	1
6513	3
6514	1
6515	1
6516	1
6518	2
6520	1
6521	1
6522	1
6525	1
6526	1
6527	1
6530	2
6533	2
6541	2
6542	2
6543	1
6548	1
6549	1
6551	1
6553	1
6554	1
6555	14
6556	1
6557	2
6558	2
6559	1
6560	2
6561	2
6562	1
6563	3
6564	1
6567	2
6568	2
6569	2
6571	2
6572	1
6574	2
6575	1
6577	1
6578	1
6579	1
6580	2
6583	1
6584	2
6585	3
6587	2
6588	2
6593	1
6595	1
6596	3
6599	2
6603	1
6604	2
6605	2
6606	1
6612	1
6615	1
6616	1
6617	2
6618	1
6619	1
6620	1
6622	2
6625	1
6627	1
6629	2
6630	1
6631	1
6632	1
6634	2
6635	3
6636	1
6637	1
6638	2
6643	1
6645	1
6649	1
6652	1
6653	1
6654	1
6655	1
6656	3
6658	1
6659	1
6661	2
6662	1
6665	1
6666	1
6667	6
6669	1
6670	1
6672	1
6673	1
6674	1
6678	1
6681	2
6682	2
6683	1
6684	3
6686	1
6689	2
6691	1
6693	1
6694	1
6696	1
6699	1
6700	2
6701	1
6703	1
6704	1
6707	1
6710	4
6711	4
6714	1
6716	2
6718	8
6720	1
6721	1
6723	1
6724	1
6729	2
6731	1
6732	2
6734	1
6737	5
6738	1
6741	1
6742	1
6752	1
6756	1
6757	1
6758	2
6762	1
6763	1
6765	1
6766	1
6767	2
6768	1
6769	80
6770	1
6772	2
6773	1
6775	5
6777	4
6778	1
6779	1
6780	1
6782	2
6783	1
6784	1
6785	1
6786	1
6787	1
6789	1
6792	3
6796	1
6797	1
6798	2
6801	1
6803	2
6804	2
6805	1
6808	1
6809	1
6812	2
6813	2
6814	1
6816	3
6821	3
6823	1
6824	4
6825	1
6826	2
6828	2
6830	3
6831	2
6833	1
6834	2
6835	2
6836	3
6837	1
6839	1
6841	1
6844	1
6845	1
6847	1
6848	1
6849	4
6851	1
6852	1
6853	2
6854	1
6858	1
6866	1
6867	2
6868	1
6869	1
6877	1
6878	1
6879	24
6881	3
6882	2
6884	1
6885	1
6887	1
6888	1
6889	1
6891	2
6892	3
6895	1
6897	1
6901	1
6902	1
6904	1
6905	4
6906	1
6907	1
6908	1
6909	1
6911	1
6912	1
6917	1
6919	3
6920	2
6924	1
6925	2
6926	1
6929	4
6931	2
6932	3
6933	1
6934	1
6935	2
6939	1
6940	1
6941	1
6944	2
6945	1
6946	4
6947	1
6952	1
6953	3
6955	1
6957	1
6958	4
6962	1
6963	1
6964	2
6971	1
6977	1
6978	1
6981	1
6982	1
6983	10
6985	1
6987	1
6988	1
6989	4
6990	1
6991	1
6994	1
6995	1
6996	1
6997	3
6998	2
7000	1
7001	1
7002	1
7005	5
7008	2
7011	1
7014	1
7016	1
7019	2
7022	2
7023	1
7024	3
7026	2
7027	1
7028	2
7033	2
7038	3
7040	3
7044	1
7045	1
7047	1
7049	4
7051	3
7052	1
7054	1
7056	1
7057	1
7060	2
7062	1
7067	3
7068	1
7069	3
7070	1
7073	2
7074	2
7075	2
7076	1
7078	1
7079	2
7080	2
7082	1
7087	3
7090	1
7091	1
7092	1
7093	12
7095	5
7097	3
7098	2
7100	2
7101	1
7103	3
7104	2
7109	1
7115	3
7116	2
7119	1
7120	1
7122	1
7125	1
7127	1
7129	1
7130	1
7131	3
7132	1
7133	2
7134	2
7139	2
7144	1
7146	14
7148	1
7152	1
7153	1
7154	1
7156	1
7160	1
7163	1
7164	4
7166	1
7167	3
7168	2
7172	1
7173	3
7176	1
7177	1
7178	1
7184	3
7185	1
7186	1
7187	2
7190	1
7192	1
7193	1
7196	2
7197	1
7198	1
7199	1
7202	1
7203	2
7204	1
7205	1
7207	2
7208	2
7209	2
7214	1
7216	1
7217	2
7219	2
7220	1
7221	1
7222	1
7223	1
7226	1
7229	3
7232	1
7233	2
7234	1
7238	1
7239	2
7244	1
7246	3
7247	1
7248	1
7250	2
7251	1
7252	1
7253	1
7254	1
7255	2
7256	3
7259	4
7260	1
7261	1
7264	1
7265	1
7266	1
7267	2
7269	1
7272	1
7275	1
7277	1
7281	2
7282	1
7284	1
7285	1
7286	1
7289	2
7291	1
7292	1
7293	1
7294	1
7295	1
7299	1
7302	2
7305	1
7306	1
7307	1
7308	2
7309	3
7310	2
7311	1
7313	1
7314	3
7315	1
7317	2
7321	2
7323	1
7324	2
7326	1
7327	1
7328	2
7330	3
7336	1
7337	1
7338	1
7339	2
7340	1
7341	1
7343	2
7345	1
7347	1
7349	1
7352	2
7354	1
7356	1
7357	1
7360	78
7362	2
7363	1
7364	1
7367	1
7370	1
7371	1
7372	1
7373	1
7375	1
7376	2
7377	1
7378	1
7380	1
7381	1
7382	1
7383	1
7384	1
7387	2
7388	1
7390	1
7392	2
7395	1
7396	3
7398	1
7399	3
7401	2
7402	1
7404	1
7405	1
7406	1
7407	2
7409	2
7413	1
7415	1
7416	4
7417	1
7421	2
7423	1
7424	1
7425	1
7431	1
7433	1
7437	2
7438	3
7441	1
7444	1
7449	2
7451	1
7452	1
7455	1
7457	1
7462	2
7463	2
7464	4
7466	4
7470	35
7472	7
7473	1
7475	2
7477	2
7478	1
7481	1
7483	1
7484	1
7485	1
7487	2
7488	1
7490	2
7491	1
7492	1
7494	1
7495	2
7496	1
7501	1
7502	1
7503	2
7504	1
7510	1
7513	5
7514	1
7515	1
7517	1
7518	1
7519	1
7521	2
7522	1
7523	4
7524	1
7525	2
7526	1
7529	1
7531	2
7532	1
7533	1
7539	2
7540	2
7541	3
7543	1
7544	2
7547	1
7549	2
7553	1
7555	2
7556	1
7559	3
7561	1
7564	2
7566	1
7568	1
7570	1
7571	1
7572	1
7573	3
7574	1
7575	1
7578	2
7579	2
7580	1
7585	1
7596	1
7597	1
7599	1
7601	1
7602	1
7604	1
7607	1
7608	1
7611	3
7613	1
7614	3
7615	1
7616	1
7619	1
7620	1
7621	4
7623	1
7624	1
7625	1
7626	1
7627	2
7630	1
7632	1
7633	4
7634	1
7635	1
7637	1
7639	1
7641	2
7642	1
7643	1
7646	1
7647	1
7648	2
7649	1
7651	1
7654	2
7655	1
7658	1
7661	1
7662	1
7664	1
7666	1
7670	2
7672	2
7674	1
7675	1
7678	2
7679	2
7680	1
7681	1
7682	5
7684	10
7686	4
7687	1
7690	2
7691	2
7692	1
7693	1
7694	3
7698	1
7700	2
7703	2
7705	1
7707	1
7708	1
7711	1
7712	1
7713	1
7715	1
7722	4
7724	1
7726	1
7727	1
7728	2
7729	1
7730	1
7735	2
7736	1
7737	14
7741	1
7744	1
7745	2
7749	1
7751	1
7752	1
7753	1
7755	1
7757	2
7758	2
7759	1
7760	2
7765	2
7767	1
7769	1
7770	1
7771	1
7779	2
7781	1
7783	1
7784	1
7787	1
7790	1
7793	1
7794	1
7797	1
7800	1
7802	1
7803	1
7805	2
7807	1
7809	1
7811	1
7813	2
7814	1
7815	1
7816	2
7817	2
7818	1
7821	1
7822	4
7825	1
7827	1
7830	1
7831	1
7833	1
7834	1
7836	1
7837	2
7838	1
7841	1
7844	1
7847	7
7849	4
7851	1
7852	1
7853	3
7854	1
7855	1
7859	1
7861	3
7863	1
7866	1
7871	1
7872	1
7873	1
7876	1
7877	1
7878	1
7879	1
7884	1
7885	1
7887	2
7889	1
7892	1
7894	2
7895	2
7896	3
7900	7
7901	1
7902	3
7904	2
7907	2
7909	1
7910	1
7911	1
7912	2
7914	2
7917	2
7918	1
7921	2
7922	1
7923	3
7924	1
7925	1
7929	1
7932	1
7936	2
7938	1
7939	2
7940	1
7941	1
7942	1
7947	3
7948	2
7951	1
7952	1
7955	3
7957	3
7959	2
7962	1
7964	1
7965	2
7968	1
7969	1
7971	3
7973	1
7974	2
7977	1
7978	1
7980	1
7981	2
7982	1
7984	1
7985	1
7987	2
7989	1
7993	1
7999	1
8000	1
8002	2
8003	2
8004	2
8008	1
8009	1
8010	7
8011	1
8012	3
8014	1
8017	1
8019	2
8020	1
8022	1
8024	1
8025	1
8027	1
8028	1
8029	2
8031	2
8032	2
8033	1
8034	1
8035	1
8037	2
8038	1
8040	1
8041	1
8042	1
8044	1
8046	1
8047	2
8049	1
8051	2
8052	1
8053	1
8057	1
8059	1
8061	42
8062	1
8063	3
8064	1
8065	1
8066	3
8067	1
8070	1
8072	1
8073	1
8074	2
8075	2
8077	1
8079	3
8081	1
8082	4
8083	2
8085	2
8087	4
8089	3
8091	1
8092	1
8094	1
8095	2
8096	1
8097	2
8099	1
8101	1
8103	1
8104	1
8105	2
8108	3
8109	1
8110	1
8111	3
8112	2
8113	1
8114	1
8115	1
8120	1
8122	1
8123	1
8128	1
8129	1
8130	1
8134	3
8135	2
8137	2
8138	3
8140	1
8141	1
8146	1
8147	1
8150	1
8152	1
8153	1
8158	1
8159	3
8160	1
8161	1
8166	2
8167	3
8168	1
8172	1
8173	3
8174	1
8178	1
8180	1
8181	1
8182	2
8185	2
8186	1
8190	2
8192	2
8193	1
8196	1
8197	2
8200	1
8201	1
8203	2
8204	3
8205	1
8206	1
8208	2
8209	1
8211	4
8212	1
8214	3
8215	1
8216	1
8217	1
8218	2
8219	1
8220	1
8222	2
8224	8
8225	1
8226	3
8229	2
8230	2
8232	1
8234	1
8235	1
8236	1
8237	1
8238	2
8240	2
8244	3
8246	1
8247	1
8248	1
8249	1
8253	1
8254	1
8259	2
8260	2
8261	2
8263	1
8265	1
8268	1
8270	3
8271	2
8272	3
8273	1
8274	2
8275	9
8276	2
8277	5
8279	2
8280	2
8282	1
8283	1
8284	1
8285	2
8286	1
8289	3
8291	2
8292	1
8296	2
8300	1
8301	1
8305	2
8306	1
8307	1
8308	3
8310	2
8311	2
8316	1
8319	1
8320	1
8321	1
8323	1
8325	1
8326	1
8327	1
8328	1
8331	1
8333	1
8336	1
8341	1
8342	3
8345	1
8346	1
8347	2
8350	1
8351	3
8352	2
8353	1
8354	1
8355	2
8357	2
8361	1
8362	3
8366	2
8373	2
8375	1
8376	1
8380	1
8381	1
8382	1
8384	2
8385	1
8387	1
8388	2
8390	1
8396	2
8397	1
8398	1
8399	1
8404	1
8408	3
8410	2
8411	1
8412	2
8413	2
8415	1
8420	2
8422	1
8430	2
8431	1
8432	1
8434	1
8437	1
8438	5
8439	4
8440	3
8441	2
8442	1
8443	1
8444	3
8446	2
8447	2
8449	2
8450	2
8451	2
8455	2
8456	3
8457	1
8458	2
8460	2
8461	1
8462	1
8464	2
8465	1
8468	1
8471	1
8480	1
8481	1
8482	1
8483	4
8484	1
8485	1
8486	1
8491	9
8494	2
8495	1
8496	1
8497	1
8499	1
8501	1
8502	1
8503	4
8506	1
8507	1
8508	1
8511	2
8512	3
8513	1
8515	2
8516	2
8519	2
8520	1
8521	1
8525	1
8526	1
8527	1
8529	1
8531	1
8532	1
8535	1
8543	1
8544	2
8545	1
8548	2
8552	1
8553	1
8554	1
8556	1
8557	1
8561	1
8562	1
8563	1
8564	1
8565	1
8569	4
8570	2
8571	1
8573	2
8575	1
8576	1
8577	1
8578	1
8579	2
8584	2
8585	2
8586	1
8587	1
8589	1
8590	1
8591	1
8592	1
8595	2
8598	1
8600	1
8601	2
8602	1
8603	3
8604	1
8607	3
8609	3
8610	1
8611	2
8612	2
8613	1
8615	2
8622	1
8626	1
8628	1
8630	1
8636	1
8643	1
8645	1
8646	6
8647	1
8648	2
8649	1
8650	1
8651	1
8652	41
8654	2
8657	1
8659	1
8662	1
8663	1
8664	1
8667	3
8673	3
8675	1
8678	1
8680	1
8681	1
8683	1
8686	1
8687	2
8688	1
8697	1
8698	1
8699	1
8701	3
8702	1
8703	2
8704	1
8705	1
8707	1
8708	1
8710	2
8711	4
8714	1
8716	2
8717	1
8718	2
8720	1
8722	1
8724	2
8725	1
8726	2
8727	1
8730	2
8732	1
8734	1
8735	2
8736	1
8743	2
8744	2
8745	1
8747	2
8748	2
8752	3
8756	1
8758	2
8759	2
8760	1
8761	1
8762	1
8763	2
8764	3
8766	2
8770	1
8774	1
8777	2
8780	1
8785	1
8786	1
8795	1
8796	2
8797	1
8799	1
8801	1
8802	1
8804	2
8805	2
8808	1
8809	1
8811	1
8813	2
8814	1
8815	3
8816	3
8817	2
8818	1
8819	2
8820	1
8821	1
8822	1
8823	4
8828	1
8829	1
8831	1
8833	1
8835	2
8836	1
8837	1
8838	1
8841	2
8842	1
8845	2
8846	1
8847	1
8848	1
8852	1
8854	2
8857	2
8859	3
8860	1
8861	2
8862	1
8865	1
8866	7
8867	1
8868	1
8869	1
8870	2
8872	1
8874	4
8875	1
8876	1
8880	1
8882	1
8883	2
8889	1
8891	2
8892	2
8893	1
8894	3
8899	1
8900	1
8904	2
8905	2
8907	2
8908	2
8909	1
8911	2
8913	1
8915	3
8916	1
8917	1
8918	1
8920	1
8922	1
8924	2
8925	1
8929	1
8930	1
8931	1
8932	1
8934	2
8935	1
8937	1
8940	1
8947	1
8948	2
8950	1
8951	1
8955	1
8957	5
8958	3
8960	2
8963	1
8964	2
8966	2
8968	1
8970	1
8971	1
8972	2
8974	2
8975	1
8977	1
8978	3
8979	1
8984	1
8985	2
8987	1
8988	1
8993	1
8995	1
8996	1
8997	1
8998	3
9002	2
9006	1
9007	3
9008	1
9009	1
9011	2
9012	2
9013	1
9014	1
9015	1
9016	2
9018	1
9021	1
9022	2
9024	1
9025	1
9026	1
9029	3
9031	4
9032	1
9034	1
9035	1
9037	1
9038	1
9039	1
9040	2
9042	2
9043	2
9044	1
9046	2
9048	3
9049	2
9050	1
9053	2
9055	3
9056	1
9059	1
9063	2
9064	1
9065	1
9067	1
9068	1
9069	1
9070	2
9071	2
9074	1
9080	1
9081	1
9082	7
9083	1
9085	1
9088	1
9090	1
9092	1
9094	2
9095	2
9096	1
9097	3
9098	1
9099	1
9100	3
9102	1
9103	1
9104	2
9106	1
9107	1
9108	3
9111	1
9112	3
9113	2
9115	1
9116	1
9117	1
9121	1
9123	1
9124	1
9127	1
9128	2
9129	1
9132	2
9134	1
9135	3
9137	1
9138	1
9140	2
9142	1
9145	1
9148	2
9151	1
9153	1
9154	1
9155	1
9156	1
9157	1
9159	1
9160	2
9163	1
9164	1
9165	1
9169	1
9170	1
9173	1
9174	2
9175	2
9179	1
9181	1
9183	1
9184	3
9186	1
9189	1
9190	12
9192	4
9193	1
9194	2
9195	1
9198	1
9199	1
9200	2
9201	2
9202	1
9203	1
9204	1
9206	2
9208	2
9210	2
9211	1
9212	1
9214	1
9220	1
9221	2
9224	1
9225	1
9227	4
9229	1
9230	1
9231	2
9234	2
9236	1
9238	1
9239	2
9243	24
9244	1
9245	1
9246	1
9247	1
9249	3
9250	2
9251	2
9254	1
9255	1
9256	1
9257	1
9258	3
9259	1
9263	1
9264	1
9265	2
9266	1
9267	1
9268	2
9270	1
9271	2
9272	2
9274	1
9276	1
9281	2
9282	2
9283	1
9284	1
9285	3
9286	1
9287	1
9288	2
9289	1
9290	1
9291	1
9293	1
9294	1
9295	2
9297	2
9302	2
9303	1
9305	1
9307	1
9309	1
9311	1
9312	1
9313	1
9315	1
9316	2
9317	2
9318	1
9320	1
9321	1
9322	1
9326	2
9328	1
9330	1
9331	1
9332	1
9333	1
9334	2
9337	1
9338	1
9339	1
9340	1
9341	1
9342	1
9343	2
9345	2
9347	2
9348	1
9349	2
9350	1
9352	1
9355	10
9356	1
9357	2
9359	1
9360	2
9361	1
9364	1
9370	1
9371	2
9372	1
9373	4
9376	1
9377	1
9379	1
9384	3
9387	1
9388	1
9389	1
9390	1
9391	1
9392	1
9394	1
9396	2
9397	2
9400	2
9401	1
9402	1
9406	3
9407	2
9408	3
9410	2
9413	1
9414	1
9416	1
9418	2
9420	2
9421	1
9423	2
9426	4
9427	1
9428	1
9429	1
9430	1
9432	2
9437	1
9439	1
9440	2
9441	1
9443	1
9444	1
9449	1
9450	3
9451	2
9452	3
9453	1
9454	1
9456	1
9457	9
9459	5
9460	1
9461	1
9463	4
9465	1
9466	1
9467	1
9469	1
9472	1
9473	2
9477	1
9480	1
9482	2
9483	1
9485	1
9487	2
9489	2
9490	1
9493	3
9494	1
9496	3
9501	1
9505	2
9506	1
9508	1
9509	2
9510	1
9512	1
9513	2
9515	1
9518	3
9519	2
9520	1
9521	2
9523	2
9525	1
9528	2
9529	1
9530	1
9531	3
9532	1
9534	1
9535	2
9536	1
9537	1
9542	1
9543	1
9545	1
9546	1
9548	1
9550	1
9554	1
9555	3
9557	1
9558	2
9559	1
9561	2
9563	2
9565	1
9567	5
9568	1
9569	1
9572	1
9575	1
9577	2
9578	1
9579	3
9580	1
9581	3
9582	3
9584	1
9585	2
9587	1
9588	2
9590	1
9592	1
9593	5
9595	1
9596	1
9597	1
9598	1
9601	1
9603	1
9604	3
9605	1
9608	1
9609	2
9610	1
9614	3
9615	1
9616	1
9617	2
9620	4
9622	8
9626	2
9629	1
9630	2
9631	1
9632	3
9635	2
9639	2
9640	1
9642	1
9645	3
9647	2
9648	1
9650	1
9652	2
9653	1
9654	1
9659	1
9660	1
9663	1
9675	1
9676	2
9677	4
9679	2
9682	1
9683	1
9685	5
9688	2
9691	1
9693	2
9696	2
9697	1
9698	2
9700	1
9701	4
9704	1
9705	1
9706	1
9709	2
9710	1
9711	1
9714	3
9716	1
9717	2
9718	3
9721	3
9724	2
9725	1
9726	3
9730	1
9732	2
9733	1
9734	1
9735	1
9736	1
9737	1
9741	1
9742	1
9747	1
9748	1
9749	1
9752	1
9753	2
9756	3
9757	1
9760	1
9761	1
9762	1
9764	2
9766	1
9767	1
9768	2
9769	1
9770	1
9771	2
9773	1
9775	1
9779	2
9781	13
9782	2
9783	5
9785	1
9787	1
9789	2
9790	1
9791	2
9792	1
9793	1
9796	2
9797	1
9798	2
9800	2
9802	1
9806	3
9810	2
9811	1
9812	3
9813	2
9814	1
9815	1
9817	1
9820	2
9821	1
9822	1
9823	1
9827	1
9828	1
9829	1
9830	1
9831	1
9834	21
9835	1
9836	3
9838	1
9839	2
9842	1
9844	1
9845	2
9846	2
9847	2
9849	2
9852	1
9853	1
9855	1
9858	1
9860	1
9861	1
9862	1
9863	2
9864	1
9865	1
9866	1
9867	2
9868	1
9871	1
9873	1
9877	1
9878	1
9881	4
9882	1
9886	1
9887	1
9888	1
9889	2
9892	2
9893	1
9894	2
9905	2
9907	1
9908	1
9910	1
9912	3
9913	2
9914	1
9917	1
9919	1
9920	1
9923	1
9928	1
9929	2
9930	1
9931	1
9934	1
9939	1
9943	2
9944	13
9946	2
9947	3
9948	1
9949	2
9951	2
9954	2
9955	1
9958	1
9959	1
9960	1
9961	1
9964	1
9967	2
9968	1
9969	1
9971	1
9972	1
9977	1
9979	1
9981	1
9982	2
9984	1
9985	1
9986	1
9987	1
9990	1
9993	2
9994	1
9995	1
9997	3
